4
3
8 
123
-1.2701586594995615 -1.0157461033805244 3.5202371348817567 0.6734671188668573 
-0.21253130646379106 -2.1061586545868725 2.526391791562104 1.7853426259537906 
1.7356207357662965 1.8719490313830267 -2.9058619566476733 -2.844382720267333 
0.36147824907530024 0.9093598421592496 0.6741423582204829 -0.531237337490277 
-1.2428576469278603 0.6731657191217749 -0.8458957209605021 0.28188143729583864 
-0.3588859226847974 -0.5194004645399911 -0.677664531047472 0.7341109256297267 
-3.6227933577917675 -3.734121290355107 6.343374131782876 5.9029001957522285 
1.6890682743266363 1.2888171201551575 -0.06913591110076366 -0.5834275694248902 
-4.360401648608247 -4.540537640720446 2.472830656946992 0.9947626112459863 -0.7836428093715787 -0.15057616503865257 -0.2997604069350636 0.2731216854959321 
5.157145421248108 4.954457129866359 1.2258276676978872 -1.8184640793174431 0.13483139979365685 0.16169731425693912 -9.869111539687005 -2.3703653520726666 
0.4186909463003259 0.007894511090611147 -5.830934138639676 -1.378174148319092 0.1781604791013231 0.0734579823928202 8.510254043438689 -0.4786665789825825 
456
-0.3713969439678286 -0.6193600771465736 2.5744153019433247 0.23233961822808225 -0.850460185023091 -0.47321928499649674 -7.74959581114032 0.42402765078168686 
0.8320062297313214 -1.4131188169334643 -0.4572270603554032 
789
